%YAML:1.0
# shuttum은 yaml 최신버전이라서? 그런지 제대로 안열림. 그래서 직접 양식을 고쳐서 작성.
# shuttum처럼 다시 python yaml 모듈로 불러오고 하는게 귀찮아서.

# k1,k2,r1,r2
# fx,fy,px,py
# row first 3by4 matrix
params:
    - { radtan:[-0.25586779232678897, 0.043477290280886795, -0.00030201892459993056, -0.005338176574431064],
        intrinsics:[440.3781210116303, 440.8172815761103, 645.8416715765694, 507.72272049852523],
        transform: [1.0, 0.0, 0.0, 0.0, 0.0, 1.0, 0.0, 0.0, 0.0, 0.0, 1.0, 0.0, 0.0, 0.0, 0.0, 1.0]}

    - { radtan:[-0.26191302113991494, 0.046243602961448076, -0.00027228513880810974, -0.003247603867091696],
        intrinsics:[446.8025295615781, 447.2120028366816, 641.0495840430931, 509.1153253591013],
        transform:[ 0.999711423727119,   0.005748036930629,  -0.023324436562155,   0.100919704653801, -0.005539479591591,   0.999944188253632,   0.008996362800615,  -0.001549246461824, 0.023374846210237,  -0.008864561423447,   0.999687469219965,   0.002298361827108, 0,                   0,                   0,   1.000000000000000]
        }
